Adapters:
[[ 0.         12.97709924  8.39694656 22.90076336  4.19847328  6.10687023
  45.41984733]
 [13.93442623  0.         11.47540984 25.40983607 22.13114754  4.09836066
  22.95081967]
 [ 7.8313253  10.84337349  0.         46.98795181  3.01204819  5.42168675
  25.90361446]
 [ 8.72781065  3.55029586 13.46153846  0.          4.14201183 11.53846154
  58.57988166]
 [21.80451128 39.84962406  3.0075188  24.81203008  0.          5.26315789
   5.26315789]
 [14.         10.          0.         40.          2.          0.
  34.        ]
 [ 9.29752066  7.85123967 10.95041322 58.05785124  3.92561983  9.91735537
   0.        ]]
   
Modelo:
[[ 0.         17.77003484  8.01393728 28.22299652  5.57491289 11.8466899
  28.57142857]
 [12.66666667  0.         20.         15.33333333 28.          3.33333333
  20.66666667]
 [11.11111111 13.58024691  0.         40.12345679  5.55555556  1.85185185
  27.77777778]
 [ 9.58083832  4.04191617 14.97005988  0.          4.34131737 12.8742515
  54.19161677]
 [20.93023256 44.18604651  3.10077519 22.48062016  0.          3.87596899
   5.42635659]
 [18.83116883 11.68831169  0.         37.66233766  0.64935065  0.
  31.16883117]
 [12.23021583  6.65467626 11.51079137 56.83453237  4.13669065  8.63309353
   0.        ]]
